1. James Harden, HOU	86.25	N/A	+86.25	45	36.2	27.6	5.6	6.8	45.5	88.7
2. Anthony Davis, NO	85.82	N/A	+85.82	41	36.0	24.5	10.4	1.7	55.6	82.9
3. LeBron James, CLE	82.90	N/A	+82.90	37	37.3	26.4	5.6	7.4	49.2	73.3
4. Stephen Curry, GS	81.10	N/A	+81.10	43	33.1	22.8	4.7	8.2	49.1	92.1
5. Blake Griffin, LAC	80.29	N/A	+80.29	45	35.4	22.8	7.6	5.1	50.0	71.6
6. Jimmy Butler, CHI	79.63	N/A	+79.63	43	39.5	20.1	6.0	3.3	45.9	83.4
7. Pau Gasol, CHI	79.27	N/A	+79.27	44	35.0	18.3	11.9	2.8	48.5	82.5
8. LaMarcus Aldridge, POR	79.11	N/A	+79.11	39	35.8	23.3	10.2	1.9	46.0	86.9
9. Damian Lillard, POR	79.06	N/A	+79.06	45	36.2	22.0	4.7	6.2	43.9	86.4
10. Chris Paul, LAC	78.62	N/A	+78.62	45	34.4	17.4	4.7	9.8	47.1	89.3
11. Kyrie Irving, CLE	76.88	N/A	+76.88	43	38.1	21.3	3.1	5.2	46.6	84.4
12. Nikola Vucevic, ORL	76.75	N/A	+76.75	42	34.5	19.5	11.2	2.0	53.6	77.2
13. Marc Gasol, MEM	76.62	N/A	+76.62	45	34.4	18.9	8.2	3.8	50.0	80.4
14. Kyle Lowry, TOR	76.36	N/A	+76.36	45	34.8	19.6	4.9	7.4	42.8	80.8
15. John Wall, WAS	76.00	N/A	+76.00	46	35.7	17.3	4.3	10.2	46.5	76.3
16. Klay Thompson, GS	75.95	N/A	+75.95	42	32.6	23.0	3.6	3.0	48.1	85.9
17. DeMarcus Cousins, SAC	75.62	N/A	+75.62	31	33.9	24.2	12.6	3.2	48.1	80.7
18. Rudy Gay, SAC	75.30	N/A	+75.30	40	35.2	20.2	6.0	4.1	44.8	86.4
19. Ty Lawson, DEN	74.80	N/A	+74.80	43	37.1	17.1	3.3	10.0	44.4	71.9
19. Gordon Hayward, UTA	74.80	N/A	+74.80	45	34.9	19.2	4.7	4.1	45.6	81.1
21. Kevin Love, CLE	73.97	N/A	+73.97	44	35.3	17.2	10.3	2.3	43.0	82.1
22. Paul Millsap, ATL	73.27	N/A	+73.27	44	33.3	17.0	7.9	3.2	48.6	74.0
23. Carmelo Anthony, NY	72.84	N/A	+72.84	34	36.1	24.1	6.7	3.1	45.0	79.1
24. Kemba Walker, CHA	72.16	N/A	+72.16	42	35.6	18.8	3.8	5.2	39.9	82.3
25. Chris Bosh, MIA	72.14	N/A	+72.14	37	35.4	21.3	7.5	2.1	47.1	78.2
26. Eric Bledsoe, PHO	71.79	N/A	+71.79	46	33.6	16.9	5.3	6.0	44.5	81.6
27. DeAndre Jordan, LAC	71.69	N/A	+71.69	45	33.5	10.2	13.4	0.6	73.1	41.0
28. Monta Ellis, DAL	71.64	N/A	+71.64	46	33.8	20.3	2.5	4.4	45.6	77.8
29. Brandon Knight, MIL	70.99	N/A	+70.99	45	32.4	17.9	4.2	5.1	43.9	89.0
30. Jeff Teague, ATL	70.43	N/A	+70.43	41	31.4	17.1	2.7	7.5	47.3	86.6
31. Tyreke Evans, NO	70.20	N/A	+70.20	44	34.5	17.0	5.3	5.6	43.8	68.3
32. Mike Conley, MEM	70.09	N/A	+70.09	42	32.1	17.4	3.4	5.6	45.6	85.5
32. Al Horford, ATL	70.09	N/A	+70.09	43	30.4	15.2	6.7	3.2	54.6	75.0
34. Zach Randolph, MEM	69.99	N/A	+69.99	36	32.5	17.1	11.9	1.7	51.3	74.0
35. Darren Collison, SAC	69.75	N/A	+69.75	40	35.4	16.4	3.2	5.8	46.5	79.3
36. Tobias Harris, ORL	69.44	N/A	+69.44	41	34.4	17.4	6.6	1.9	46.5	78.8
37. Dirk Nowitzki, DAL	69.29	N/A	+69.29	43	29.7	18.7	6.0	2.0	47.0	89.9
38. Tyson Chandler, DAL	69.08	N/A	+69.08	44	31.1	10.5	11.9	1.2	67.4	74.7
39. Russell Westbrook, OKC	68.85	N/A	+68.85	31	32.1	24.7	6.0	7.6	42.4	80.0
40. Joe Johnson, BKN	68.71	N/A	+68.71	42	35.5	15.5	4.6	3.7	42.7	80.8
40. Tim Duncan, SA	68.71	N/A	+68.71	41	30.3	14.8	10.0	3.1	48.8	72.9
42. Goran Dragic, PHO	68.57	N/A	+68.57	44	33.1	16.5	3.6	4.1	50.7	77.9
43. Kobe Bryant, LAL	68.35	N/A	+68.35	35	34.5	22.3	5.7	5.6	37.3	81.3
44. Draymond Green, GS	68.27	N/A	+68.27	43	31.9	11.6	8.0	3.6	44.0	69.5
45. Derrick Favors, UTA	68.10	N/A	+68.10	41	30.6	15.7	8.6	1.4	54.2	66.9
45. Kyle Korver, ATL	68.10	N/A	+68.10	44	32.9	12.9	4.2	2.9	51.6	92.3
47. Greg Monroe, DET	67.90	N/A	+67.90	44	29.7	15.2	10.3	2.0	48.9	76.7
48. Serge Ibaka, OKC	67.41	N/A	+67.41	45	32.8	14.2	7.5	0.9	46.2	82.8
49. Wesley Matthews, POR	67.38	N/A	+67.38	45	33.9	16.5	3.4	2.2	46.0	73.4
50. Chandler Parsons, DAL	67.15	N/A	+67.15	45	32.9	15.5	4.6	2.2	45.7	72.9
51. Jrue Holiday, NO	66.83	N/A	+66.83	37	33.7	15.2	3.5	7.1	44.4	85.1
52. Dwyane Wade, MIA	66.76	N/A	+66.76	35	32.3	21.4	3.8	5.4	48.7	73.6
53. Luol Deng, MIA	66.21	N/A	+66.21	41	32.7	14.3	5.0	1.9	49.6	71.9
54. Trevor Ariza, HOU	66.16	N/A	+66.16	45	35.7	12.4	5.4	2.2	37.0	85.2
55. Andrew Wiggins, MIN (Rookie)	65.84	N/A	+65.84	44	33.5	15.2	4.3	1.8	42.9	72.4
56. Andre Drummond, DET	65.76	N/A	+65.76	46	29.4	12.5	12.9	0.5	49.3	41.8
57. Arron Afflalo, DEN	65.57	N/A	+65.57	45	33.7	15.2	3.6	1.9	43.4	84.8
58. Kevin Durant, OKC	65.54	N/A	+65.54	21	33.1	25.6	6.7	4.1	51.9	85.8
59. Jared Sullinger, BOS	65.51	N/A	+65.51	43	28.7	14.2	8.2	2.2	45.1	75.0
60. Al Jefferson, CHA	65.43	N/A	+65.43	36	31.4	17.4	8.0	1.8	48.5	68.6
61. Markieff Morris, PHO	65.24	N/A	+65.24	46	30.3	15.3	5.7	2.0	49.1	77.8
62. Wilson Chandler, DEN	65.05	N/A	+65.05	44	32.3	14.1	6.0	1.5	41.2	78.5
63. Gorgui Dieng, MIN	64.84	N/A	+64.84	44	29.8	9.8	8.6	2.2	49.7	80.0
64. Victor Oladipo, ORL	64.81	N/A	+64.81	39	33.6	16.5	3.8	3.8	45.9	78.9
65. Jeff Green, MEM	64.70	N/A	+64.70	41	32.3	16.7	4.3	1.6	43.2	86.0
66. Danny Green, SA	64.64	N/A	+64.64	45	30.9	12.1	4.3	2.0	42.9	84.8
67. Reggie Jackson, OKC	63.72	N/A	+63.72	42	29.5	13.9	4.1	4.5	42.7	86.8
68. Marcin Gortat, WAS	63.66	N/A	+63.66	46	29.6	11.9	8.2	1.0	54.3	68.9
69. Thaddeus Young, MIN	63.63	N/A	+63.63	39	32.3	14.3	4.8	2.8	44.2	63.5
70. Michael Carter-Williams, PHI	63.54	N/A	+63.54	36	34.2	15.3	6.0	7.1	38.1	64.2
71. Dwight Howard, HOU	63.11	N/A	+63.11	32	32.2	16.3	11.0	1.4	57.5	52.7
72. Brandon Jennings, DET	62.91	N/A	+62.91	41	28.6	15.4	2.5	6.6	40.1	83.9
72. Bradley Beal, WAS	62.91	N/A	+62.91	37	33.4	14.9	3.8	3.3	42.7	82.0
74. Jonas Valanciunas, TOR	62.48	N/A	+62.48	44	26.4	12.5	8.5	0.4	55.3	80.7
75. Jordan Hill, LAL	62.20	N/A	+62.20	46	28.1	12.2	8.0	1.4	47.6	76.5
76. J.J. Redick, LAC	62.19	N/A	+62.19	45	29.6	14.9	1.7	1.6	46.8	86.3
77. Giannis Antetokounmpo, MIL	62.14	N/A	+62.14	45	28.6	11.4	6.1	2.3	49.5	72.4
78. Harrison Barnes, GS	61.99	N/A	+61.99	43	29.7	10.4	6.0	1.4	49.7	72.7
79. Josh Smith, HOU	61.78	N/A	+61.78	46	28.7	12.0	6.4	3.7	40.6	45.8
80. Kenneth Faried, DEN	61.77	N/A	+61.77	42	27.6	11.9	9.0	1.3	51.0	67.8
81. Courtney Lee, MEM	61.75	N/A	+61.75	42	32.0	11.3	2.4	2.2	48.3	85.7
82. Enes Kanter, UTA	61.70	N/A	+61.70	41	27.2	14.1	7.5	0.6	50.0	82.1
83. Trey Burke, UTA	61.68	N/A	+61.68	44	32.0	12.7	2.5	4.8	37.3	81.0
84. Ryan Anderson, NO	61.54	N/A	+61.54	44	29.1	14.9	5.0	1.0	41.6	84.5
85. DeMarre Carroll, ATL	61.17	N/A	+61.17	40	31.7	11.8	5.4	1.6	46.5	67.6
86. Paul Pierce, WAS	61.09	N/A	+61.09	43	26.9	12.8	4.5	2.0	45.8	79.2
87. Rajon Rondo, DAL	60.69	N/A	+60.69	40	31.3	9.3	6.5	9.1	41.0	30.9
88. Ben McLemore, SAC	60.50	N/A	+60.50	43	33.1	11.7	3.1	1.6	45.2	82.9
89. Jamal Crawford, LAC	60.39	N/A	+60.39	44	25.8	15.7	2.0	2.8	40.0	90.9
90. Nicolas Batum, POR	60.12	N/A	+60.12	38	33.4	9.1	5.2	4.6	38.7	80.0
91. Amir Johnson, TOR	59.93	N/A	+59.93	42	26.5	9.7	5.8	1.4	57.5	60.8
92. Solomon Hill, IND	59.84	N/A	+59.84	47	31.6	9.8	4.3	2.3	38.3	80.3
93. Jarrett Jack, BKN	59.80	N/A	+59.80	44	29.3	11.5	3.2	4.5	44.4	84.6
94. Tristan Thompson, CLE	59.63	N/A	+59.63	46	28.7	9.5	8.3	0.5	53.3	62.4
95. Derrick Rose, CHI	59.62	N/A	+59.62	36	30.2	18.6	3.1	4.9	41.6	80.8
96. Avery Bradley, BOS	59.45	N/A	+59.45	42	30.4	13.1	2.7	1.5	42.9	79.2
97. Donatas Motiejunas, HOU	59.24	N/A	+59.24	45	27.8	10.9	6.1	1.7	50.8	64.4
98. Kawhi Leonard, SA	59.14	N/A	+59.14	28	32.0	15.5	8.1	2.4	45.0	78.5
99. Mario Chalmers, MIA	59.11	N/A	+59.11	45	30.9	10.9	2.7	4.2	40.8	78.7
100. Kentavious Caldwell-Pope, DET	59.03	N/A	+59.03	46	31.6	11.8	3.2	1.1	39.2	70.5